73
43
40
1
73
22
0
19
3
2
77
74
45
69
28
59
18
6
27
52
31
64
9
58
28
76
50
19
5
32
31
22
15
39
34
51
68
69
18
18
34
14
74
54
29
8
22
65
75
3
70
4
7
14
54
65
59
54
18
9
14
23
18
49
44
70
44
74
31
21
47
66
29
77
54
75
44
19
43
24
24
53
54
14
61
76
31
44
5
14
34
43
72
18
70
44
74
40
68
46
2
15
64
46
63
70
46
79
70
80
74
68
29
46
12
53
7
46
77
13
14
80
34
8
6
71
37
68
40
36
12
18
68
73
36
29
61
64
30
59
54
21
56
57
65
1
10
74
51
39
18
36
3
70
27
9
9
66
29
50
73
77
51
79
54
22
3
76
31
61
50
43
2
50
78
42
52
71
36
27
22
64
31
52
70
5
54
13
50
5
75
68
7
61
76
10
19
61
57
53
9
73
24
72
68
3
35
22
29
0
52
63
73
4
39
44
65
55
51
26
2
36
52
22
73
57
64
52
3
60
39
66
22
57
2
43
48
47
10
39
45
4
24
4
54
73
39
11
73
34
54
29
80
43
58
35
52
32
3
43
3
75
21
0
47
73
57
27
57
24
66
19
63
31
36
31
18
4
7
63
77
76
18
45
59
29
70
70
31
29
55
61
7
44
53
31
51
24
14
32
39
77
53
77
44
52
32
10
65
69
65
14
76
37
21
73
41
32
73
17
21
40
76
68
14
38
79
1
73
27
56
53
22
27
68
67
67
9
14
54
69
3
36
27
43
47
23
23
4
43
21
22
40
36
50
63
18
19
13
50
10
6
51
36
11
53
67
78
12
74
36
71
69
51
33
75
25
45
51
9
23
51
11
3
43
33
76
14
22
36
73
54
3
11
70
40
35
10
29
45
43
58
26
43
28
53
9
12
42
81
80
27
9
40
4
21
49
77
22
5
15
0
60
56
57
14
73
32
24
54
14
58
62
62
14
75
4
57
51
76
63
58
54
46
18
27
59
54
74
10
44
4
70
21
17
44
31
13
1
3
38
23
12
12
5
64
35
14
75
5
66
21
59
50
76
7
16
46
4
70
54
43
57
47
47
76
50
14
19
19
65
72
2
73
39
3
0
3
41
4
22
73
13
56
78
19
32
38
9
65
57
52
15
53
75
4
27
50
20
74
77
21
72
61
14
16
50
21
47
65
56
1
2
18
30
50
55
44
73
7
51
81
37
9
7
70
34
74
58
74
44
32
9
27
1
5
76
55
25
63
53
20
69
23
22
56
22
31
0
5
63
71
49
26
18
54
20
43
9
5
32
28
76
16
54
68
76
38
3
29
8
54
43
26
25
34
75
77
31
52
38
23
25
61
70
74
46
65
73
54
75
36
71
30
59
34
50
63
64
22
10
4
30
10
73
3
5
46
68
75
63
19
57
73
5
78
5
64
46
50
44
40
26
41
64
41
68
27
3
44
5
73
70
71
9
39
27
31
31
68
32
51
55
2
20
69
57
24
3
71
22
76
47
18
44
54
66
61
47
63
48
54
66
27
38
4
56
70
33
59
67
73
53
10
68
56
71
69
44
60
50
69
27
69
63
12
43
3
65
65
80
30
42
57
5
74
27
7
8
68
50
34
69
46
13
66
7
34
4
18
13
80
53
57
75
14
45
52
73
19
3
22
22
0
54
35
5
4
29
45
14
15
7
73
53
77
12
2
59
12
48
17
25
43
40
64
71
19
59
50
12
57
4
71
50
5
79
71
23
77
21
29
63
65
66
42
19
7
62
7
22
14
18
2
73
50
54
75
27
15
55
29
24
34
46
49
28
76
20
13
71
16
66
68
43
69
70
65
15
42
32
75
48
3
12
81
14
46
17
71
18
31
76
15
48
19
32
65
65
53
32
19
9
4
32
19
18
0
51
69
54
43
9
14
57
67
50
40
54
4
27
31
4
26
4
70
39
32
33
19
54
22
43
50
4
31
3
36
31
52
26
8
4
21
59
19
69
63
70
11
35
8
69
70
4
19
7
70
3
65
40
71
27
63
40
24
29
73
38
53
54
59
10
19
35
49
51
8
4
14
10
8
59
62
69
27
61
52
70
11
3
55
10
47
70
54
7
5
18
70
74
21
31
24
47
52
71
8
57
51
30
2
53
21
50
69
76
14
69
4
73
22
65
4
62
58
5
80
69
55
78
36
42
66
9
25
9
70
4
29
77
79
8
72
29
54
17
7
32
2
40
76
56
39
71
1
37
7
24
36
70
32
25
36
72
52
14
33
63
18
75
47
63
38
52
44
58
7
29
19
9
1
50
57
22
54
51
62
54
56
18
73
37
54
27
36
21
39
45
39
65
41
77
40
73
57
50
24
52
68
44
22
63
52
75
65
65
42
53
35
46
54
54
53
77
18
20
31
2
12
71
3
63
77
67
39
55
21
44
43
59
54
3
53
43
44
65
59
2
43
78
29
59
8
59
73
53
70
66
49
36
41
52
80
41
29
5
68
3
31
43
57
27
50
10
54
75
13
76
65
81
17
27
73
39
61
66
57
13
15
2
34
3
27
34
18
39
23
57
12
76
1
65
38
14
53
56
76
14
21
17
19
65
27
69
80
3
62
61
10
28
53
50
8
73
43
66
77
57
3
60
47
24
39
7
52
31
61
60
31
61
6
12
14
47
29
24
66
59
80
37
3
68
44
5
27
43
43
46
54
3
9
66
59
29
36
56
40
2
77
74
12
65
4
68
81
34
53
76
43
75
71
78
36
42
53
54
70
63
18
73
26
14
70
22
7
67
3
77
58
59
32
73
39
9
36
67
4
14
75
74
63
0
20
31
43
73
57
18
45
30
58
29
19
64
7
76
7
74
11
63
60
61
59
59
18
48
69
3
67
77
21
73
61
63
29
46
38
59
52
34
19
81
57
15
18
6
64
33
50
59
14
61
32
13
54
54
77
32
73
35
57
38
61
47
77
2
56
64
78
26
69
31
40
57
63
32
19
52
68
5
34
51
50
22
69
13
44
53
74
71
57
59
14
12
68
10
69
31
3
46
14
79
57
50
58
73
45
73
63
73
19
27
31
16
75
68
36
59
15
17
31
29
65
50
44
4
56
71
27
53
72
15
11
24
66
80
61
54
37
26
72
43
10
21
56
70
61
25
61
40
30
44
68
59
71
73
57
55
36
54
2
73
46
22
16
23
69
34
64
32
41
66
32
18
6
10
19
24
75
61
5
21
74
54
76
27
64
40
65
3
65
59
50
50
71
57
15
7
31
70
68
23
22
5
7
37
40
9
21
7
43
25
18
48
73
6
29
21
52
54
22
10
27
33
32
54
36
74
71
15
77
73
54
24
9
70
43
76
50
43
48
69
52
29
19
73
31
71
17
32
34
9
65
5
27
42
25
5
4
54
9
73
10
62
50
73
53
36
34
43
58
76
14
4
33
18
54
78
40
54
24
7
15
12
50
11
54
22
71
22
19
34
71
1
56
78
7
61
72
44
44
43
74
2
48
33
80
46
5
9
23
73
57
77
79
52
76
2
3
60
51
7
52
30
49
73
51
24
63
14
31
54
63
14
9
64
76
53
55
27
70
74
3
41
49
76
29
80
61
27
2
6
32
75
71
81
78
72
5
58
65
14
65
54
19
62
61
64
36
7
81
10
73
5
1
36
18
53
31
73
5
44
36
3
57
16
21
13
26
62
73
69
77
73
22
15
9
13
26
64
4
12
28
6
30
58
26
47
59
61
50
73
48
49
55
3
73
22
32
8
9
4
19
43
11
37
75
27
20
0
45
50
3
43
39
20
62
16
58
57
18
74
44
23
57
19
53
54
3
40
22
65
68
31
47
71
18
80
31
27
9
73
14
29
60
70
70
10
28
69
2
42
21
4
77
67
50
70
74
68
36
2
15
39
21
34
10
32
80
52
44
24
9
60
39
54
65
74
4
12
59
18
65
4
27
77
63
75
64
14
59
65
36
3
54
39
80
27
17
57
54
51
73
50
19
18
32
7
59
50
61
73
50
30
70
54
36
66
69
38
54
56
69
54
39
23
68
46
66
31
76
67
14
77
34
19
39
57
18
5
73
1
36
53
26
54
3
14
9
14
71
54
14
26
14
47
76
54
2
12
77
71
52
29
59
43
65
4
61
13
53
31
55
32
4
79
29
56
52
70
5
22
25
32
44
44
7
15
46
73
16
13
54
75
17
22
52
36
73
57
25
73
66
71
45
78
69
50
69
70
70
19
74
70
53
14
54
76
48
52
46
14
63
6
57
44
62
58
7
8
35
31
79
38
2
78
39
70
3
31
51
7
32
71
34
54
45
63
75
32
32
54
40
27
21
55
33
57
7
76
42
70
69
14
80
71
8
71
18
54
73
5
76
33
51
46
23
54
11
57
23
75
46
50
10
63
7
15
76
32
10
57
51
66
27
70
8
76
65
49
76
21
24
74
61
7
59
73
65
64
74
73
75
8
73
57
53
43
50
52
43
9
3
47
12
57
40
43
68
76
80
50
74
68
43
36
64
75
61
77
55
3
66
59
63
18
54
51
19
52
9
4
53
27
53
47
10
46
12
12
22
65
18
27
50
52
39
39
50
52
47
68
71
77
36
43
77
43
10
31
22
4
22
74
50
9
69
73
77
51
66
65
44
75
53
12
68
19
40
7
76
24
64
44
46
74
10
2
4
61
9
69
66
75
61
7
22
57
4
22
65
7
54
5
61
27
32
50
53
69
18
43
27
36
36
29
32
75
76
50
65
68
32
75
69
54
21
59
59
54
66
3
73
53
9
7
7
71
43
19
65
74
18
54
4
14
73
63
43
27
54
22
54
73
