0
1
3
4
5
6
8
9
10
11
12
13
10
11
14
4
16
12
17
10
19
16
6
11
20
5
21
22
8
19
8
4
4
23
14
11
3
8
17
24
19
19
25
3
13
17
3
13
9
9
26
4
8
20
13
16
10
11
1
15
27
27
26
22
14
15
1
26
20
8
12
28
24
21
18
16
16
2
27
19
0
27
13
21
13
9
19
13
26
21
25
22
29
19
27
11
23
23
22
26
4
10
11
13
8
13
28
19
15
18
29
28
22
24
9
8
24
25
17
13
0
29
21
20
22
25
29
15
25
19
8
20
28
9
24
4
11
17
21
21
13
21
15
23
21
24
13
5
21
13
19
13
26
10
13
8
20
21
6
10
4
13
24
0
5
9
28
9
10
9
13
27
12
9
8
19
4
1
22
4
9
5
6
19
6
15
22
11
9
14
3
9
16
15
5
4
24
13
21
18
29
13
25
14
0
19
