0
1
2
3
4
5
6
7
1
8
9
10
11
12
13
10
11
8
14
4
15
16
12
17
10
18
8
19
16
6
11
20
8
5
21
22
8
19
8
4
4
23
14
11
3
8
17
24
19
19
25
3
13
17
3
13
9
9
26
4
2
8
20
13
16
10
11
1
15
27
27
20
26
22
10
14
15
8
23
1
26
8
20
8
12
14
28
24
21
7
18
16
8
16
2
27
19
0
27
13
21
13
9
19
13
7
26
21
2
25
7
22
29
18
19
27
11
23
23
23
22
26
4
10
11
13
8
13
28
19
15
11
18
29
28
22
24
9
8
24
25
17
13
0
29
21
20
22
25
29
3
15
25
19
8
20
28
9
24
4
11
17
21
21
13
21
15
23
21
24
13
5
21
13
19
13
26
10
13
8
20
21
6
10
4
13
24
0
5
9
28
9
10
9
13
3
27
2
12
9
8
19
4
1
2
7
22
4
9
5
6
2
19
6
15
22
11
9
14
3
9
16
15
5
4
24
13
21
18
29
13
12
25
2
14
0
19
