31
37
65
9
94
41
34
19
32
32
88
64
16
4
40
5
19
58
67
82
58
30
88
66
13
36
84
59
22
59
3
92
28
71
71
66
28
41
82
44
48
3
59
63
9
26
87
89
90
35
43
90
58
5
33
92
67
58
90
77
82
88
35
22
29
85
32
31
36
5
41
70
73
64
11
79
59
46
7
4
79
64
7
22
42
57
64
71
80
80
45
21
53
42
2
22
59
6
13
47
59
91
20
64
70
57
44
70
9
44
42
87
94
62
13
75
53
91
78
82
19
64
6
20
89
43
55
78
88
39
30
82
64
36
57
57
23
44
58
42
56
31
19
67
59
3
34
11
39
69
59
34
19
42
84
76
57
88
4
1
82
26
32
73
23
85
66
10
56
20
49
22
77
26
85
46
87
67
8
17
39
57
48
30
87
80
4
20
70
64
39
18
64
24
44
8
76
34
59
90
23
79
53
71
47
79
71
9
11
80
84
80
21
23
58
4
6
16
34
81
20
87
56
28
91
87
89
62
6
47
10
12
90
5
59
39
30
64
57
64
71
42
27
9
16
69
76
53
53
73
30
93
19
24
93
2
4
27
57
39
67
59
10
64
44
84
19
77
16
93
42
3
64
66
63
80
64
11
71
68
4
2
5
59
11
59
90
10
3
71
53
21
67
85
76
84
29
91
4
60
8
30
60
13
57
90
71
5
40
41
80
22
87
91
31
58
20
4
64
71
20
64
23
59
66
26
6
87
8
36
43
19
65
79
11
68
44
4
75
19
22
32
51
44
74
19
68
30
60
76
90
90
34
61
68
15
33
85
34
74
88
30
25
31
9
62
57
87
39
91
51
77
11
8
11
80
5
69
42
64
11
64
94
67
5
26
30
90
41
16
34
76
48
3
3
28
3
74
23
87
80
87
34
17
43
28
87
30
4
59
23
24
90
5
20
82
92
59
4
80
59
58
67
84
85
37
32
25
8
88
36
91
88
77
20
2
67
85
15
14
60
3
87
78
3
72
80
77
80
5
11
4
39
90
56
36
39
5
36
20
59
42
42
35
79
78
4
33
42
39
47
38
20
60
8
32
23
83
32
13
8
44
66
85
58
89
9
28
26
76
84
4
87
77
94
5
23
73
60
54
10
30
38
85
70
42
15
36
11
26
33
10
33
82
48
60
39
4
78
31
92
91
13
22
29
69
16
56
32
32
20
4
59
2
82
51
71
87
74
87
71
28
59
90
90
10
34
47
59
6
27
60
64
19
13
21
52
5
15
63
88
34
63
69
22
90
53
30
28
36
8
90
53
26
18
44
77
88
6
11
47
59
84
86
47
11
94
15
80
22
68
19
45
74
80
59
64
82
44
55
60
60
64
59
1
47
22
94
87
15
53
60
58
84
27
39
77
53
10
70
88
77
39
77
20
37
33
87
69
47
41
16
47
32
16
11
23
58
91
58
10
58
19
79
5
84
89
34
57
20
63
60
87
21
48
77
77
44
24
23
8
22
4
34
48
91
9
82
26
80
3
20
18
24
48
93
20
64
8
26
6
59
13
70
65
58
47
10
11
10
64
61
63
71
84
8
34
41
6
17
28
58
32
87
24
91
41
53
90
34
20
6
84
85
39
5
71
6
48
21
58
25
63
56
77
94
66
50
42
56
22
85
81
89
85
62
34
5
21
39
89
59
69
85
35
84
12
30
87
84
91
8
71
59
4
91
78
87
65
93
89
59
87
57
88
16
4
69
82
39
18
78
86
59
48
0
8
87
23
72
46
58
21
84
41
19
35
91
5
59
77
12
81
94
69
59
69
32
87
77
42
2
87
30
69
59
40
94
68
71
10
4
60
64
39
24
49
26
20
3
71
4
13
58
67
2
26
36
22
84
77
59
19
80
90
6
52
87
59
68
88
59
81
82
92
32
82
36
12
5
20
68
0
10
33
66
28
19
24
93
75
89
57
67
67
10
10
45
59
69
87
20
13
3
79
37
82
84
34
49
66
20
71
59
39
63
60
30
90
69
5
61
25
32
60
64
8
64
93
76
90
32
30
16
63
70
78
8
84
58
79
23
52
14
23
76
10
22
58
22
79
36
76
18
91
77
4
53
43
11
59
17
78
71
59
94
30
67
77
57
77
18
70
71
0
37
89
35
22
10
58
82
69
66
56
4
92
36
32
26
7
31
76
91
50
8
89
44
48
87
35
64
62
53
59
42
59
40
12
83
77
13
71
39
59
30
25
88
63
64
59
58
57
89
53
71
58
66
87
77
82
21
22
90
91
87
78
5
6
80
84
71
84
57
12
67
94
11
46
36
88
66
27
58
78
67
58
10
0
82
4
6
48
10
58
47
47
59
1
7
20
39
48
84
6
16
15
69
4
75
29
46
42
32
15
43
43
70
8
36
10
56
5
69
36
19
20
5
85
94
5
82
13
80
80
30
23
59
67
59
59
52
81
75
60
88
67
35
15
84
12
89
94
20
86
6
69
57
89
9
30
3
44
77
14
92
80
84
66
78
44
95
39
19
46
58
2
72
91
91
12
34
59
26
71
70
8
10
30
59
95
59
19
67
89
90
87
6
40
59
36
84
90
54
87
7
4
78
16
34
53
63
17
44
48
40
59
57
80
38
58
16
45
36
10
47
42
91
90
6
6
45
53
47
80
69
44
9
67
56
84
88
27
59
69
7
64
4
90
64
95
4
34
9
1
44
56
16
77
4
80
69
67
90
94
59
82
67
90
36
67
8
19
59
88
71
34
49
47
71
30
4
8
30
85
64
85
59
30
19
56
5
80
64
23
90
94
30
67
87
87
77
43
78
80
8
4
8
59
9
90
75
41
7
4
5
59
63
37
89
54
89
4
32
6
11
83
59
87
74
6
28
88
57
19
59
8
64
8
37
47
64
59
8
61
80
76
49
53
2
18
8
5
64
49
85
88
44
54
56
58
57
2
59
69
36
69
18
85
64
92
34
46
87
38
55
23
73
33
4
87
53
54
88
59
63
64
90
42
44
85
46
32
39
8
82
67
76
42
53
10
32
67
3
64
91
84
81
3
87
68
71
42
84
12
64
42
91
30
14
21
87
56
59
47
58
59
58
5
57
31
28
59
22
24
36
17
20
63
9
22
95
47
38
22
30
71
16
20
82
50
34
8
86
70
71
42
91
15
38
34
42
2
85
12
53
19
87
46
26
44
66
58
90
22
78
57
5
83
59
53
44
45
9
69
45
11
84
92
20
76
22
82
6
13
91
69
84
40
64
48
71
82
48
19
59
34
51
10
88
4
59
44
42
75
63
38
94
41
87
5
91
11
90
19
15
58
87
57
15
82
72
58
5
8
82
69
82
90
47
57
61
2
30
10
66
59
67
77
8
87
11
42
84
12
87
4
35
32
5
47
30
91
27
64
34
88
59
85
80
39
17
4
42
94
26
87
6
45
58
26
10
82
71
56
6
47
39
39
87
84
26
4
78
35
39
67
20
58
45
20
41
86
91
6
38
71
63
77
34
54
65
44
90
6
69
87
69
2
77
69
59
88
42
84
30
45
4
92
28
59
69
76
42
77
58
71
48
87
76
91
59
14
23
88
78
90
88
30
20
61
19
87
34
51
71
8
87
19
76
