22
28
33
39
43
53
78
84
86
98
99
100
103
108
128
137
140
151
177
189
221
222
228
243
256
274
284
287
300
312
328
336
343
347
360
364
375
376
383
384
401
406
417
419
420
436
448
460
461
468
470
481
495
511
525
527
552
554
564
580
581
595
605
618
620
632
661
666
678
682
686
701
715
717
718
723
729
744
753
757
764
767
773
782
789
800
802
805
822
825
838
853
863
870
871
872
887
936
949
958
967
971
981
984
985
990
996
998
1010
1019
1025
1026
1027
1031
1052
1058
1072
1077
1078
1079
1085
1105
1116
1126
1127
1129
1133
1135
1139
1144
1152
1154
1160
1166
1170
1176
1193
1202
1211
1212
1213
1217
1218
1223
1245
1247
1256
1257
1262
1267
1268
1275
1276
1281
1282
1283
1287
1289
1292
1293
1297
1306
1319
1323
1325
1328
1336
1352
1355
1356
1366
1372
1382
1401
1404
1407
1410
1414
1448
1452
1453
1455
1460
1467
1473
1479
1484
1488
1492
1506
1509
1513
1524
1526
1547
1552
1554
1557
1558
1559
1568
1571
1581
1584
1587
1592
