30
38
41
45
51
55
70
78
84
101
107
110
123
124
125
129
135
156
162
173
174
177
191
222
238
264
277
278
279
286
305
323
331
345
357
360
378
392
411
420
427
431
445
451
465
466
476
477
498
503
517
519
520
537
549
565
566
575
577
590
596
608
629
646
649
692
697
708
729
730
749
758
764
779
783
786
801
811
819
837
843
852
859
865
870
878
891
906
908
910
912
918
920
929
945
954
960
970
973
980
990
999
1012
1014
1018
1035
1040
1043
1046
1058
1066
1074
1088
1093
1099
1100
1101
1110
1118
1172
1192
1202
1213
1218
1232
1235
1236
1242
1248
1250
1263
1275
1277
1284
1285
1286
1290
1314
1321
1337
1343
1344
1345
1352
1376
1395
1408
1409
1412
1417
1420
1422
1427
1433
1444
1446
1455
1464
1468
1474
1493
1502
1513
1514
1516
1522
1523
1529
1561
1565
1577
1578
1584
1589
1590
1599
1600
1607
1608
1610
1617
1619
1622
1623
1629
1640
1655
1660
1663
1666
1676
1693
1696
1697
1709
1711
1716
1721
1727
1748
1751
1754
1757
1761
1769
1771
1804
1808
1810
1812
1818
1823
1827
1833
1840
1846
1851
1855
1875
1878
1882
1894
1897
1927
1934
1937
1948
1949
1950
1960
1964
1972
1976
1977
1980
1985
1992
