57
57
59
59
59
8
8
82
82
59
8
8
59
59
75
58
58
85
85
77
77
10
10
30
66
46
59
80
80
85
85
82
82
88
88
58
59
85
42
42
30
62
91
45
45
67
67
88
67
85
58
58
88
75
12
12
12
12
57
57
67
67
19
10
10
10
85
85
46
46
88
19
57
58
8
8
76
42
42
91
10
9
9
77
88
74
67
58
58
66
66
36
75
42
80
75
10
58
58
46
10
10
58
85
42
58
63
45
45
58
9
66
10
10
85
58
58
66
66
58
80
76
66
58
95
58
58
36
36
62
10
10
19
9
12
80
85
85
43
43
58
58
10
14
12
12
85
19
19
37
10
63
63
9
95
62
58
58
74
58
10
10
46
58
58
58
58
10
9
9
58
58
10
9
9
10
12
10
10
58
58
10
9
66
58
58
14
58
58
10
9
12
9
58
66
12
10
9
46
46
9
1
1
41
41
6
7
3
3
7
2
2
2
2
17
3
6
7
2
2
6
72
72
41
65
6
63
41
2
2
3
3
41
41
6
41
3
6
6
7
6
3
85
3
65
6
3
6
6
6
6
6
72
72
2
2
3
63
63
6
6
65
65
3
7
2
41
6
3
3
3
6
6
7
3
41
6
6
2
6
6
6
2
6
5
5
84
64
64
5
90
64
49
4
4
18
18
5
5
84
37
37
94
94
4
4
80
36
36
5
55
64
64
55
90
94
94
80
5
14
14
80
80
64
64
64
64
18
80
80
44
49
36
94
94
44
64
64
64
64
18
64
64
94
94
94
94
64
36
64
80
64
5
81
64
49
5
37
5
94
5
5
5
5
81
64
64
5
80
80
5
80
5
80
80
5
5
80
80
5
18
5
64
5
5
18
80
5
5
36
36
5
19
71
71
56
56
83
77
19
91
69
69
71
68
68
89
77
91
91
77
77
56
82
79
79
82
82
69
19
19
92
92
82
56
77
79
69
78
68
68
69
8
8
48
48
83
48
48
48
91
61
61
77
77
77
70
70
91
91
26
26
56
82
26
74
67
67
76
76
71
71
48
52
8
8
77
77
91
8
70
70
71
19
67
26
26
71
76
76
91
91
82
82
69
69
74
77
77
82
61
61
78
78
79
79
52
67
69
76
26
26
82
82
67
71
71
77
70
70
8
78
78
67
71
78
91
71
71
69
69
69
82
82
19
19
95
76
76
71
67
8
91
91
69
48
48
76
48
71
91
91
91
91
71
68
68
8
8
48
91
70
19
71
71
8
74
48
19
19
48
82
78
78
8
70
70
8
8
8
91
91
82
69
8
82
48
91
69
82
82
71
71
91
8
8
69
67
67
67
83
71
46
46
61
82
69
69
69
69
68
69
69
71
71
67
67
19
19
67
67
19
19
91
82
82
79
79
71
71
71
76
76
48
8
48
71
69
82
69
8
8
67
67
79
8
68
19
19
74
70
76
76
67
19
19
76
69
68
8
8
8
76
67
67
69
82
82
70
70
19
69
8
61
8
79
67
19
69
69
19
13
75
59
30
22
38
38
43
43
30
22
22
22
13
88
88
42
42
22
20
20
13
59
59
59
20
75
13
30
59
59
38
30
38
42
42
22
22
59
59
22
57
20
59
20
60
60
57
57
60
88
59
59
59
59
57
57
43
59
59
20
20
88
30
30
88
30
59
59
60
60
30
45
45
30
59
59
12
60
59
60
30
13
42
59
13
88
88
88
59
59
57
59
20
20
30
30
93
59
59
42
42
60
60
42
42
57
60
20
59
93
88
30
13
13
59
59
57
59
59
88
88
88
42
88
60
60
59
59
42
30
59
59
59
45
45
57
57
30
30
30
20
20
59
59
57
43
20
20
88
20
59
59
59
59
30
30
57
30
30
57
59
59
88
13
57
60
88
88
20
20
20
59
59
59
57
13
59
10
30
30
20
20
45
60
59
59
59
20
75
57
30
20
59
59
59
59
88
88
59
59
59
20
20
30
30
30
59
88
59
59
20
30
30
59
59
57
20
20
57
60
59
59
24
0
0
1
24
1
41
17
17
41
23
23
23
86
86
23
85
85
85
41
85
85
85
85
86
17
17
17
86
65
7
6
40
40
90
11
66
31
31
73
73
11
87
87
39
39
31
31
90
87
87
87
87
4
87
87
40
84
44
44
90
36
36
4
32
33
87
87
37
87
87
32
90
44
44
32
33
4
4
11
11
36
36
4
44
84
44
4
4
39
84
32
32
4
87
11
11
11
21
21
39
39
21
21
32
32
66
87
87
32
11
87
4
4
36
39
64
4
4
73
94
81
64
11
94
33
33
39
39
64
90
90
84
55
90
84
39
87
87
90
32
39
87
40
66
66
4
4
51
51
87
87
14
87
90
90
84
84
81
11
11
90
39
4
4
33
84
87
87
87
87
4
87
90
90
4
4
49
84
39
64
64
90
90
64
64
37
90
32
32
84
84
11
11
84
32
32
84
39
39
87
87
51
94
90
90
90
39
4
11
90
90
87
84
84
36
36
4
4
31
31
87
33
64
11
11
4
90
39
39
51
87
87
39
32
32
40
40
11
81
64
64
36
64
80
80
87
87
11
49
90
90
4
84
84
39
39
32
32
32
90
80
64
87
87
5
90
84
84
4
4
84
90
87
87
39
90
90
87
87
33
87
39
39
4
84
84
90
90
4
4
84
11
11
32
31
66
39
49
64
64
73
36
64
64
18
18
39
80
80
4
84
84
90
5
94
32
32
80
80
31
84
84
84
87
4
4
33
5
87
87
87
90
84
84
39
32
87
87
64
64
4
4
66
11
87
87
87
94
73
64
5
50
89
35
35
35
35
89
47
47
34
34
92
34
34
26
26
34
34
50
92
92
89
89
47
56
47
34
34
35
35
34
34
34
34
47
47
47
89
47
95
56
56
89
62
34
34
34
34
47
56
56
34
34
26
26
34
34
92
92
77
89
89
47
77
89
89
26
26
77
35
89
78
78
52
56
92
34
34
56
77
77
89
78
91
47
26
26
77
83
92
62
89
89
78
34
34
52
77
77
56
56
47
34
34
47
50
77
26
26
47
47
78
78
34
34
47
26
47
47
56
71
71
47
47
48
77
77
77
47
71
71
89
35
77
91
71
78
35
71
71
78
91
89
71
82
16
16
16
0
24
24
15
16
24
24
27
15
15
27
16
16
24
24
16
24
27
16
15
15
15
15
27
15
15
0
16
16
16
16
16
16
27
27
15
27
15
15
23
23
23
53
53
63
63
63
63
25
25
25
53
22
22
22
53
53
28
28
23
23
43
28
53
54
54
38
38
23
63
63
28
28
28
22
28
28
22
63
53
53
23
28
28
22
22
53
23
23
93
93
53
22
22
54
93
25
63
63
25
23
42
42
53
43
23
22
23
23
23
53
63
53
53
42
22
22
22
53
53
93
22
22
53
28
28
42
54
17
53
42
42
13
42
38
38
54
42
53
42
28
53
53
3
93
57
13
20
42
20
29
29
44
44
44
44
21
21
21
44
44
44
44
21
21
44
44
36
36
44
44
21
81
44
44
44
51
29
94
5
4
