1244
1709
749
565
411
1127
1067
515
99
881
1211
1226
1953
422
1394
1710
593
1750
1498
1175
360
1147
1957
1393
687
738
547
524
944
202
24
704
14
1826
125
1597
1333
566
1679
1529
453
147
745
1458
183
23
1238
1502
209
175
1889
1060
1571
1399
1228
1269
1002
1763
73
1913
1416
1074
871
329
85
1530
220
1755
80
192
382
1713
395
1513
1834
2001
1965
1666
117
2012
779
843
1968
1627
444
1476
1140
1243
406
1111
1428
1724
1084
1743
1472
1349
1461
1248
772
1681
1095
1285
367
194
1632
706
1774
114
914
1493
1847
873
1804
441
21
806
592
210
891
2015
1377
1208
1279
1708
1413
1149
28
1327
167
1221
289
681
180
1369
1695
263
1532
1319
1162
1294
74
540
1857
290
1668
1514
1184
1409
423
1135
1927
305
1891
1726
141
808
1759
428
810
1192
615
988
1647
1281
869
989
1193
629
135
1475
521
69
1094
1772
597
1069
211
1286
594
1969
1323
1846
451
925
270
1832
1041
1915
809
56
1751
260
2014
1455
47
1358
1293
3
1671
1313
1567
1494
763
2007
1918
481
1924
1434
40
545
1485
667
536
1843
1619
1444
361
862
119
1635
546
1831
387
867
1425
703
90
1749
353
1261
1684
1037
883
1573
409
1102
1937
1586
1205
902
489
619
105
1626
53
2
1785
342
1054
688
884
727
1468
1396
987
1043
542
1663
1592
1365
1240
1931
1574
1395
49
1949
908
1689
848
185
493
1896
101
5
286
155
1013
272
122
1305
1467
322
1887
1864
19
1489
1601
701
1131
1218
1617
956
603
722
241
385
1139
525
1604
767
474
1310
17
747
88
1638
608
1650
1542
874
755
1936
736
1004
347
937
1070
1375
1700
549
389
1128
129
692
15
1154
267
1615
833
1719
1020
1171
754
1664
398
330
472
1180
1623
166
1814
606
1361
1607
1460
1560
238
513
1273
1688
1126
1522
1625
1833
791
354
1504
1622
1331
1325
1003
153
104
1818
1764
465
113
232
1335
466
519
1338
70
1712
1540
112
89
550
296
1576
998
851
1620
1340
292
561
559
1277
1144
1121
1800
1524
649
1538
585
461
1079
951
1787
1640
1951
1113
1182
438
419
1419
548
1686
725
217
558
1195
98
1103
631
1288
189
812
7
72
639
605
416
1120
1167
1072
740
707
223
1610
632
1292
487
854
981
896
373
1988
1122
1556
1252
1851
134
1320
1892
1397
957
860
213
751
1884
1404
672
537
366
1153
1616
1926
45
1971
700
463
715
831
776
393
1561
1406
620
1264
1328
1270
1204
720
350
1146
1782
1209
1923
1336
1098
1473
746
534
787
1229
1830
1842
1613
1905
544
571
1151
1105
1143
1512
942
486
218
1756
1838
1253
1676
46
877
1928
1181
236
581
1983
637
1344
1997
978
1156
2005
111
259
1196
1501
1309
668
1735
1822
1991
2008
313
1797
1042
378
126
807
973
1796
1446
196
1130
912
1038
1257
640
1975
459
907
1023
351
952
1603
830
1698
131
744
1024
674
1600
494
1215
1598
1303
1506
1259
1408
780
1852
1621
984
532
91
79
959
1366
528
974
228
1744
1465
646
1063
1675
255
363
282
836
310
476
1088
1174
1588
1405
1051
1385
100
1276
437
1836
1964
1016
467
1788
1059
1837
1773
400
953
1284
1565
1417
319
20
222
1508
336
429
1871
165
844
813
103
384
1742
1519
247
1974
840
589
52
1247
1948
1784
1944
1998
1138
1850
1354
1141
1321
430
1389
694
1591
1740
601
369
1549
1537
1753
1677
1637
1691
1674
859
1738
433
522
327
1006
1798
866
1136
1008
246
875
152
258
1090
994
2000
1484
795
414
1811
1807
1015
1783
1746
1813
1317
501
1410
837
424
642
1517
1875
1882
1955
1047
38
1722
824
123
1040
730
1577
1050
401
1311
1133
121
1454
678
1925
1966
137
1717
1235
1976
120
930
1177
39
901
1351
756
108
132
827
970
535
1236
1345
999
1516
1716
169
823
413
358
965
1363
1100
1954
479
431
198
295
1242
249
771
690
317
1096
1888
1844
54
1483
947
432
1661
757
1536
1786
381
1693
293
1232
726
1985
162
520
1414
1451
1097
1914
230
1731
963
1505
1346
1464
1697
1125
377
1225
176
1633
580
1780
514
1636
30
948
588
1007
356
1087
507
1849
1980
445
1660
1810
786
634
612
190
1608
107
1341
1018
1164
954
1770
1958
168
454
446
379
1986
157
1071
1223
941
227
159
579
396
1479
276
328
1589
1534
1412
1370
1118
967
1172
617
1828
1766
1449
1596
1101
297
1117
533
1278
1987
856
1036
1343
1058
762
142
197
1427
1025
1525
504
1112
235
1916
1027
1114
517
864
1330
143
1548
128
37
1061
184
1402
1805
1268
1352
1704
980
1876
1917
214
164
1699
405
529
29
1297
1801
563
1868
659
1599
1841
790
1301
1367
380
1169
1566
1287
983
201
834
510
1298
897
224
993
509
1651
1145
979
1543
1364
934
415
904
1815
219
931
1643
1877
538
1739
798
1880
1720
885
1922
962
1299
1165
1290
18
1048
64
462
1758
31
0
87
207
92
262
949
543
188
1207
448
1760
975
1447
58
1258
1550
1099
1575
455
828
1019
731
1495
1384
562
1068
505
425
792
1754
1104
1992
496
892
359
244
11
574
1289
352
1854
464
35
1322
512
1526
590
816
136
1629
323
102
939
1902
1065
652
1858
1590
471
357
551
1499
365
913
225
775
115
268
802
1202
1382
768
1657
1132
624
1690
271
1491
412
788
348
1795
374
553
1652
2016
140
275
857
728
924
71
627
457
1900
343
1665
557
333
160
1119
265
635
893
1973
709
86
905
1816
1227
1197
1249
1435
838
669
460
1853
1014
1978
1250
250
1466
1478
1348
872
417
1776
1984
163
1860
1806
1654
602
221
966
1901
283
1026
604
899
1256
1158
1032
1357
1030
1241
242
1422
434
1028
93
1
291
1672
1124
36
523
1163
95
370
1315
206
1429
421
294
326
1648
960
1803
4
1430
1488
718
1115
573
349
383
61
1423
903
713
1511
1655
657
394
638
498
1075
110
1820
735
1564
1053
2009
576
240
426
1827
1999
1673
1009
12
1263
1793
386
1274
932
1531
1486
530
299
497
1052
985
673
1775
215
480
1839
1881
1267
1789
1898
526
582
586
680
2003
1500
402
555
503
138
906
679
1106
1856
1904
1199
992
1821
1216
1433
1879
1510
1503
1702
1945
410
1387
1234
1959
1694
1304
435
1570
199
1487
1380
1587
1862
1714
344
1302
1108
1685
469
610
1152
1696
750
1641
976
1911
1452
1878
518
1687
195
1544
1260
1334
1585
1682
1262
847
179
879
946
1956
231
636
1039
440
1539
671
392
1056
76
773
950
560
650
1554
1885
1873
761
233
397
1077
804
187
2010
794
1883
316
1010
477
1736
1368
945
569
1861
995
60
870
686
918
1492
1737
43
1747
186
478
600
442
485
1200
1645
1360
1523
926
1198
577
1107
1802
1217
191
436
248
820
158
124
1707
1471
1185
1605
1490
177
1583
935
1324
2017
1520
839
900
1438
1727
1477
929
684
274
1044
1033
1646
1874
516
1779
1179
2004
1086
1212
764
1011
817
284
1903
625
923
1355
1282
1137
1055
1631
1960
499
1929
1496
1000
1049
940
1581
161
1819
1296
204
846
1950
1765
1376
285
62
933
595
1559
1993
936
789
1157
1703
279
1463
1401
882
797
1210
1231
57
1897
288
1383
1436
705
6
729
408
1890
801
1867
1894
1970
1893
733
1295
1799
832
77
1374
1840
1233
1168
964
1190
337
996
670
1908
1762
50
1732
1692
1398
572
300
1245
1307
647
16
320
853
1456
243
1031
774
439
769
304
1497
803
1081
1718
273
895
324
1745
1437
1073
1316
1829
702
1356
689
737
1825
338
484
1733
309
799
1134
1280
1872
1308
1482
622
539
1142
805
269
1246
1658
1723
1441
1116
916
915
1123
527
719
643
82
708
898
1752
491
48
583
172
63
677
770
1432
578
1729
986
55
345
1593
598
44
391
1715
1078
1725
826
364
340
208
116
887
216
1730
1618
1342
1979
855
1129
145
1191
766
1630
318
281
876
1578
1237
835
928
302
1557
609
447
1150
495
251
404
1439
1812
777
1582
254
314
1012
1761
739
1148
1222
710
1083
1337
1255
1767
490
502
1961
341
614
500
106
1314
468
1855
1649
697
1470
1930
568
1680
1748
712
1159
315
711
1371
321
325
34
653
575
1734
83
1312
1757
1372
1213
724
990
938
698
332
427
1808
1667
829
1701
420
133
1045
623
51
1768
1254
1062
1934
1445
173
630
1994
371
1545
815
278
1644
972
