1
2
3
4
5
6
7
8
9
10
11
12
13
14
15
16
17
18
19
20
21
22
23
25
27
28
29
30
31
32
33
34
35
36
37
39
41
42
43
44
45
47
48
49
50
51
52
54
55
56
57
58
59
60
61
62
63
65
66
67
68
70
71
72
73
74
75
76
77
78
79
80
81
82
83
84
85
86
87
88
89
91
93
94
95
96
98
99
100
101
102
104
105
108
110
111
112
114
115
118
119
120
121
122
123
124
125
126
127
128
130
131
132
133
134
135
136
137
138
139
140
142
143
144
145
146
147
148
149
150
151
152
153
154
155
156
158
159
160
161
162
166
167
168
169
171
172
173
174
176
177
178
179
180
181
182
183
185
186
187
190
191
192
193
194
197
198
200
201
202
203
204
206
207
208
211
212
213
214
215
216
217
218
219
220
221
223
224
225
226
227
228
229
230
231
232
233
234
235
236
237
240
241
242
243
244
245
247
249
250
252
253
254
256
257
260
262
264
267
268
270
271
272
273
275
276
278
279
280
281
282
285
286
287
289
292
293
294
295
297
299
301
302
303
304
305
306
308
309
311
312
313
314
315
316
317
320
322
323
324
325
327
330
331
332
333
334
335
336
337
338
339
341
343
345
346
348
350
351
352
353
354
355
356
357
359
360
361
362
363
365
367
368
369
370
372
374
375
376
377
378
379
380
382
383
384
385
386
388
389
390
391
392
393
394
397
398
399
400
401
402
403
404
405
406
407
409
410
411
414
415
416
417
419
420
421
422
423
425
426
427
428
429
431
433
436
437
438
439
440
441
443
444
445
447
448
449
450
451
452
454
455
456
457
458
459
460
464
465
466
467
468
469
470
471
472
474
476
478
479
480
481
482
485
486
487
488
489
492
494
496
497
499
500
502
504
506
507
508
509
510
511
512
513
514
515
517
518
521
522
523
526
527
528
529
530
531
532
533
536
537
542
543
544
545
546
547
548
549
550
551
552
555
556
557
558
559
562
563
565
566
567
568
569
570
571
572
573
575
576
577
578
579
581
582
583
584
585
586
588
589
591
592
593
594
597
598
600
601
602
603
605
607
608
609
610
611
612
613
614
616
617
618
619
620
621
623
624
625
627
628
629
630
631
632
634
635
636
637
638
639
640
641
642
643
645
646
647
648
650
651
654
656
657
659
660
661
662
665
667
668
669
670
671
672
677
678
679
681
682
687
688
689
690
691
693
694
697
698
699
700
701
702
703
704
705
706
707
709
710
712
713
715
716
717
718
719
721
723
726
727
729
731
733
734
735
736
738
739
740
741
744
745
746
748
749
750
751
752
753
754
755
757
758
759
760
761
762
763
765
766
767
768
769
770
771
772
773
774
775
776
777
778
779
781
782
783
785
788
789
790
791
792
793
794
795
796
797
798
799
800
801
802
803
804
805
806
808
810
811
812
814
815
816
817
818
819
820
821
822
823
824
825
826
828
829
830
831
833
834
835
836
837
838
839
841
843
844
845
849
850
851
853
854
855
856
857
858
859
860
864
865
867
868
870
871
872
873
874
875
878
880
881
882
883
884
885
886
887
888
889
890
891
892
893
894
895
900
902
903
905
906
907
908
910
911
912
913
914
915
919
920
921
922
923
924
925
926
928
929
930
931
932
933
934
935
936
937
938
939
940
941
942
943
944
946
947
948
949
950
952
953
954
956
958
959
960
961
962
963
965
966
967
969
970
971
973
974
975
976
977
979
980
982
983
984
985
986
987
988
989
990
991
992
993
995
996
997
998
999
1001
1002
1004
1005
1006
1007
1009
1010
1011
1012
1013
1014
1015
1016
1017
1018
1019
1020
1021
1022
1023
1024
1025
1026
1028
1029
1030
1031
1032
1034
1035
1036
1037
1038
1040
1041
1042
1044
1046
1047
1048
1049
1050
1051
1052
1053
1056
1057
1058
1059
1060
1062
1065
1067
1069
1070
1071
1072
1074
1075
1076
1077
1078
1079
1081
1084
1085
1087
1088
1089
1090
1091
1092
1093
1094
1095
1096
1097
1101
1102
1103
1104
1105
1107
1108
1109
1110
1111
1112
1113
1114
1115
1117
1119
1120
1121
1123
1124
1125
1126
1127
1129
1130
1131
1132
1133
1134
1135
1136
1137
1140
1141
1142
1143
1144
1145
1146
1148
1149
1150
1151
1152
1154
1155
1156
1157
1158
1159
1162
1163
1164
1166
1167
1168
1169
1170
1171
1172
1173
1175
1177
1178
1179
1180
1182
1183
1184
1185
1187
1188
1189
1190
1191
1192
1193
1198
1199
1201
1202
1203
1204
1205
1206
1207
1208
1210
1211
1213
1215
1217
1221
1223
1224
1225
1227
1228
1230
1232
1234
1236
1239
1242
1243
1244
1246
1247
1249
1251
1252
1253
1254
1255
1257
1258
1259
1260
1261
1264
1266
1267
1270
1271
1272
1274
1276
1277
1279
1280
1281
1284
1285
1286
1287
1288
1289
1290
1291
1292
1293
1294
1295
1296
1297
1298
1299
1301
1302
1303
1304
1309
1310
1311
1312
1313
1314
1315
1316
1317
1318
1319
1321
1322
1323
1324
1325
1326
1327
1328
1329
1332
1333
1334
1335
1336
1337
1338
1339
1340
1341
1343
1344
1345
1347
1348
1349
1350
1351
1352
1353
1354
1356
1357
1359
1360
1361
1363
1364
1365
1367
1368
1369
1370
1371
1372
1373
1374
1375
1377
1379
1380
1382
1384
1385
1387
1388
1389
1390
1391
1392
1393
1394
1395
1396
1397
1398
1399
1400
1401
1402
1403
1404
1405
1406
1407
1408
1409
1410
1411
1412
1414
1415
1416
1417
1419
1421
1422
1423
1424
1425
1427
1429
1430
1431
1432
1433
1434
1435
1438
1439
1440
1441
1442
1443
1444
1445
1446
1448
1449
1450
1454
1455
1456
1457
1458
1459
1460
1461
1462
1463
1464
1465
1470
1471
1472
1473
1474
1477
1478
1479
1480
1481
1482
1485
1487
1488
1489
1490
1491
1492
1493
1494
1495
1496
1497
1499
1501
1502
1503
1504
1505
1507
1508
1509
1510
1511
1512
1513
1514
1516
1518
1519
1520
1522
1523
1524
1525
1526
1527
1528
1530
1531
1533
1534
1535
1537
1538
1539
1540
1542
1543
1544
1545
1546
1547
1548
1549
1550
1552
1553
1554
1555
1558
1559
1560
1561
1562
1563
1566
1568
1569
1570
1572
1573
1574
1575
1576
1577
1579
1581
1582
1583
1584
1586
1588
1589
1590
1591
1593
1594
1596
1597
1598
1599
1601
1602
1603
1605
1606
1607
1610
1612
1613
1614
1615
1616
1617
1618
1619
1620
1621
1622
1624
1625
1626
1627
1629
1630
1633
1634
1637
1641
1642
1643
1645
1646
1647
1648
1651
1652
1653
1654
1655
1657
1658
1659
1660
1662
1664
1666
1667
1668
1669
1670
1671
1672
1673
1674
1675
1677
1678
1680
1681
1682
1683
1685
1686
1687
1688
1690
1691
1692
1693
1695
1697
1698
1699
1701
1702
1703
1704
1707
1708
1709
1710
1712
1713
1714
1717
1718
1719
1720
1721
1722
1723
1725
1726
1727
1728
1729
1730
1731
1732
1733
1734
1735
1736
1737
1739
1740
1741
1742
1743
1744
1745
1747
1749
1750
1752
1753
1754
1755
1756
1757
1758
1760
1764
1765
1766
1767
1768
1769
1770
1771
1772
1774
1775
1776
1777
1778
1779
1780
1781
1785
1788
1789
1790
1793
1794
1799
1800
1801
1803
1808
1809
1810
1812
1813
1814
1817
1818
1821
1822
1823
1824
1826
1827
1829
1830
1832
1833
1834
1835
1838
1840
1841
1843
1844
1845
1846
1847
1848
1849
1851
1852
1854
1856
1857
1858
1859
1861
1862
1863
1864
1866
1867
1870
1872
1873
1875
1877
1878
1882
1883
1885
1886
1887
1888
1889
1891
1899
1900
1901
1902
1903
1904
1905
1908
1909
1911
1912
1915
1917
1920
1923
1925
1926
1927
1928
1929
1930
1932
1933
1934
1935
1936
1937
1940
1942
1944
1946
1947
1948
1951
1953
1955
1956
1957
1958
1960
1961
1962
1963
1964
1967
1968
1971
1975
1976
1977
1980
1982
1983
1984
1985
1986
1989
1990
1992
1993
1994
1995
1996
1999
2000
2001
2002
2003
2004
2006
2007
2009
2010
2011
2012
2013
2014
2015
2017
2019
2020
2021
2024
2027
2029
2031
2032
2037
2039
2041
2042
2044
2045
2046
2047
2048
2049
2050
2051
2052
2054
2055
2056
2058
2059
2061
2062
2063
2064
2066
2069
2070
2071
2072
2073
2074
2075
2076
2077
2078
2080
2081
2082
2083
2085
2086
2087
2088
2089
2091
2092
2093
2095
2096
2097
